Experiment 1
My Fundamental Mat
0,000000 0,000031 -0,005599 
-0,000031 0,000000 0,020588 
-0,000015 0,000020 0,006377 

Fundamental Mat by Opencv
0,000001 0,000015 -0,003141 
-0,000012 0,000002 0,011016 
0,000774 -0,013924 1,000000 


Experiment 2
My Fundamental Mat
0,000000 0,000024 -0,021001 
-0,000024 0,000000 0,004882 
-0,000011 0,000015 -0,011244 

Fundamental Mat by Opencv
0,000004 -0,003672 2,217999 
0,003676 -0,000002 -0,449541 
-2,223390 0,449718 1,000000


В покое:
C ( My external)
1,000000 0,000000 0,000000 0,000004 
0,000000 1,000000 0,000000 -0,000008 
0,000000 0,000000 1,000000 -0,000012 
0,000000 0,000000 0,000000 1,000000 

My Fundamental Mat
0,000000 0,000012 -0,006977 
-0,000012 0,000000 0,001545 
-0,000006 0,000008 -0,003773 

Fundamental Mat by Opencv
-0,000000 0,000664 -0,263203 
-0,000664 0,000006 0,072082 
0,263308 -0,077128 1,000000

